[[[ 46  56   6]
  [ 51  60  13]
  [ 39  46   2]
  ...
  [ 39  72  89]
  [ 42  75  92]
  [ 40  73  90]]

 [[ 53  63  13]
  [ 51  60  13]
  [ 42  51   8]
  ...
  [ 37  70  87]
  [ 40  73  90]
  [ 37  70  87]]

 [[ 41  53   5]
  [ 37  49   1]
  [ 37  48   5]
  ...
  [ 37  70  87]
  [ 39  72  89]
  [ 36  69  86]]

 ...

 [[255 254 252]
  [255 254 252]
  [255 254 252]
  ...
  [223 218 214]
  [224 219 215]
  [223 218 214]]

 [[255 254 252]
  [255 254 252]
  [255 254 252]
  ...
  [223 218 214]
  [222 217 213]
  [221 216 212]]

 [[255 254 252]
  [255 254 252]
  [255 254 252]
  ...
  [224 219 215]
  [220 215 211]
  [216 211 207]]]